0 0.3557411599274419 0.6004034830729167 0.11204666407979821 0.24136051432291666
0 0.4132828766213139 0.539973368326823 0.06249218632057669 0.20657889811197916
0 0.7978255169019223 0.43761477661132814 0.1713385589648752 0.24243133544921874
0 0.45875441202602907 0.5175080769856771 0.04522198908954811 0.11962544759114584
0 0.4937112166301832 0.47477630615234373 0.027144624031300323 0.06197098795572917
0 0.6088615822907232 0.5102927652994792 0.048091132859676936 0.11988761393229166
0 0.796886278235394 0.43810026041666666 0.17432746334352356 0.24438224283854168
0 0.9532865809933575 0.7055424601236979 0.09253814254981885 0.35072871907552083
0 0.5436911713481909 0.47376824951171875 0.024618151875125806 0.0410379638671875
0 0.6040764162121955 0.49863675944010416 0.05771915847360608 0.11381306966145834
0 0.5519831806373289 0.4796653849283854 0.028005209905897745 0.036595662434895836
0 0.4751449314676429 0.4980211181640625 0.02111836063305153 0.08853645833333333
