0 0.2508424399555593 0.5320408935546875 0.04795350890228714 0.09978914388020833
0 0.30968768969058225 0.5070964152018229 0.03816490971907709 0.0810255126953125
0 0.2949049085042711 0.5086648966471354 0.06389651091202446 0.08851631673177084
0 0.5817225605201414 0.4995088094075521 0.030094902296573068 0.0919410400390625
0 0.5794012097344883 0.519465108235677 0.03732948487507548 0.12453055826822916
0 0.6039441488023349 0.5967294108072917 0.023787690437550323 0.23382486979166667
0 0.8983801013989533 0.4521068115234375 0.0304489750025161 0.04318505859375
0 0.28378865953036936 0.5107988077799479 0.06670375952974034 0.08868656412760417
0 0.2769104347904715 0.5154410807291666 0.040692119014819846 0.084445068359375
0 0.6382012113856809 0.4832314453125 0.02686613270242049 0.05749747721354167
