0 0.1536561970549505 0.7695881754557292 0.30603637787454946 0.4608236490885417
0 0.237799606077529 0.4280258076985677 0.2768256821686135 0.3697972615559896
0 0.5718098761762782 0.5022179768880208 0.0380786643895934 0.09244026692708333
0 0.5429018177272041 0.4978874715169271 0.023270415031199677 0.07271211751302083
0 0.8547578034577547 0.4481333211263021 0.04004427161961554 0.05375760904947917
0 0.9039427040087812 0.4450988972981771 0.03176118171925322 0.057779256184895836
0 0.9845155970869817 0.43579817708333335 0.029542489904136472 0.053921223958333334
0 0.4070507055703377 0.505418680826823 0.030878334229695048 0.07650093587239583
0 0.9559862318054297 0.44011222330729166 0.02807076618483293 0.05543196614583333
0 0.7278835769628749 0.4379111124674479 0.020303919695425724 0.043508504231770835
0 0.5107900770006164 0.4491913045247396 0.02143420036672202 0.07877030436197917
0 0.9146420882711855 0.4437772216796875 0.05203320784269324 0.057755859375
0 0.9300968581735608 0.44286924235026043 0.03130366376056763 0.05599922688802084
