0 0.75623394018594 0.6476758829752605 0.24662881504126408 0.30800777180989586
0 0.11200919560188256 0.6309278564453125 0.22121916627346414 0.261194580078125
0 0.2208414983826175 0.5423628540039063 0.08644610173076439 0.1914141845703125
0 0.6376273973744464 0.6076897176106771 0.07825955254252215 0.2110592041015625
0 0.9131260378925121 0.5532068684895833 0.03954232871628422 0.0811943359375
0 0.9212571296139039 0.5525764973958334 0.0542232986425624 0.08811002604166666
0 0.17691655550601978 0.5639566853841146 0.1092796387111891 0.17301387532552084
0 0.27802828237438354 0.5153474527994791 0.05269953286974134 0.121302978515625
0 0.6267151026334163 0.6028684692382813 0.05669748303202999 0.19765108235677084
0 0.3828092811572187 0.5108080037434896 0.026709367687575484 0.06532938639322916
0 0.27130962377969003 0.5265638834635417 0.04418566914188305 0.145733154296875
