0 0.5058668692522771 0.5835452270507813 0.0631019481714221 0.17704146321614583
0 0.1974251358597367 0.5600866088867188 0.08406331036209869 0.14899727376302083
0 0.5813216303089774 0.5325279134114583 0.0613017059178744 0.18125838216145834
0 0.3950643124787704 0.5432723185221354 0.050618563297290156 0.1231688232421875
0 0.42319643324699957 0.5212199503580729 0.03323175058656653 0.07809232584635417
0 0.7630075402497861 0.6030711059570313 0.07019224796510165 0.20297285970052084
0 0.2222549082192438 0.5571494954427083 0.035728896873584694 0.132396728515625
0 0.16999391810713566 0.5851905517578125 0.03276786865627516 0.10478678385416666
0 0.5383640111164578 0.5178240966796875 0.030295011118030395 0.12068294270833334
0 0.28492118847734876 0.5000805867513021 0.04017157562305002 0.0534483642578125
0 0.7411272475876862 0.07513980134328206 0.016624364683977457 0.1467536818186442
0 0.28482767003745846 0.52611962890625 0.04323434138643569 0.10083723958333334
0 0.4427580411115514 0.5167275187174479 0.02768907531639996 0.07159859212239583
0 0.7684707764458157 0.5887156372070312 0.05480214977417975 0.22236234537760416
0 0.47833910464472623 0.5294376424153646 0.025667199766002416 0.0923966064453125
0 0.4502158786939538 0.5074071655273438 0.020616466872358092 0.057370564778645834
