0 0.13054747795521157 0.7652691650390625 0.26046519703719156 0.460697998046875
0 0.8452538630044787 0.7535846761067708 0.3082723571482488 0.48814249674479165
0 0.6692506111378447 0.6062542928059896 0.0928230224216234 0.23347969563802085
0 0.3161172421466133 0.6073081868489584 0.12018652776205213 0.28517919921875
0 0.42091838941098025 0.5565626831054687 0.07352800108192431 0.16223360188802083
0 0.6232111096958032 0.5683979899088542 0.037463595133856685 0.18342301432291666
0 0.5355531259435387 0.5159627482096354 0.042675761592944846 0.0890211181640625
0 0.7499345911489784 0.4650736897786458 0.06734792122710347 0.11327799479166667
0 0.2669183728007687 0.5231457316080729 0.037219331652261975 0.06716825358072917
0 0.6207370973055681 0.4500962117513021 0.030790172337333936 0.052846964518229164
0 0.5447623334261147 0.5140264282226562 0.034692982352682165 0.09089090983072917
0 0.5567330623018569 0.5140687866210938 0.02539288556134259 0.08441670735677083
0 0.5579445020396161 0.49924995930989585 0.022279945164678946 0.072833984375
0 0.5809071367297579 0.4886505533854167 0.01972944225857991 0.05991813151041667
