0 0.3203985733302511 0.5932354125976562 0.14491495571658616 0.22116573079427082
0 0.747763444836013 0.6808539021809896 0.1691766268965127 0.34028389485677085
0 0.657591102587812 0.5942160441080729 0.0851826690821256 0.1940242919921875
0 0.9360646418327294 0.8164822998046875 0.12682279872433574 0.346528564453125
0 0.8420485098772771 0.7581354777018229 0.09914659877906098 0.4737624104817708
0 0.02631500300661857 0.7892018025716145 0.05247766845492157 0.40641768391927086
0 0.5040681012778658 0.5449461059570313 0.05054285906363225 0.12981815592447918
0 0.23090494619667434 0.55715625 0.08947978733818313 0.17410148111979168
0 0.09546095231209016 0.6107734578450521 0.1906226416044957 0.25627860514322914
0 0.39190483400403203 0.5181203002929687 0.055465599956911735 0.1229530029296875
0 0.06461562741781779 0.6053088785807291 0.12923125483563558 0.2646148274739583
0 0.6117795247002692 0.5416228841145834 0.06025088889203402 0.16343147786458334
0 0.4625808298107891 0.4769071044921875 0.02705105644877214 0.07573128255208333
0 0.45615926303341386 0.47328765869140627 0.03922083757925725 0.08729960123697916
0 0.04048314724183505 0.5645812581380208 0.080921471790799 0.19968033854166667
