0 0.25288642355017427 0.6175565388997396 0.09927268650220789 0.16044144694010418
0 0.41317377996521487 0.6320449625651041 0.19437913387869868 0.345346435546875
0 0.6084423218756291 0.5485291748046875 0.0715519756126711 0.14334122721354167
0 0.5344792610205314 0.5331125081380208 0.05272729846014493 0.12008642578125
0 0.12355521258908578 0.5748410847981771 0.04772739133973052 0.08243046061197917
0 0.051873901232045244 0.5348781941731771 0.029155341131483683 0.05359175618489583
0 0.0930245287368455 0.5616034749348958 0.03919248842002881 0.0927626953125
0 0.11713428773741791 0.5721024373372395 0.06312242222292988 0.0982650146484375
0 0.29635358432640774 0.5459718017578125 0.06566318874389845 0.10985465494791667
0 0.6738401895176002 0.5076483968098958 0.10292311221505134 0.08612825520833334
0 0.5688105044157609 0.5409421590169271 0.02748832764065016 0.0938782958984375
