0 0.18723703160186128 0.6549512329101562 0.24060040165260793 0.2922993570963542
0 0.4156259115959327 0.6181439005533854 0.134729677160389 0.2666789957682292
0 0.17743912557268968 0.4487187296549479 0.35471917826220417 0.4835934651692708
0 0.5523960279381793 0.49140478515625 0.025643709585094605 0.06401643880208334
0 0.8548958451275664 0.44784033203125 0.04005773670239533 0.053675537109375
0 0.9040357801649306 0.4454705810546875 0.03279651881416063 0.057618815104166665
0 0.9845249341881793 0.43563043212890623 0.029512414609752416 0.053650349934895834
0 0.9151467340196004 0.4437107340494792 0.05436306030470008 0.05890576171875
0 0.9563562267260467 0.44070619710286457 0.02830124515650161 0.0536907958984375
0 0.929358490039377 0.4433166707356771 0.0322170288282508 0.0559891357421875
0 0.7279435309810914 0.437612060546875 0.01990871460157508 0.04424609375
0 0.5320964082235683 0.49095298258463543 0.020495477697891507 0.0501480712890625
0 0.5821256038647343 0.49391666666666667 0.037037037037037035 0.13866666666666666
