0 0.7002289997782685 0.596299540201823 0.14261719339711654 0.2601116943359375
0 0.19378039840722813 0.6479517618815104 0.14950833036511801 0.2394473876953125
0 0.5088342737268519 0.5672846069335937 0.056605340586000405 0.16589676920572916
0 0.1104319107129378 0.5701728719075521 0.10197559301403986 0.16089009602864585
0 0.5901046974071558 0.5452220662434896 0.046734943482035024 0.1200450439453125
0 0.297888136908244 0.5417374064127605 0.049018282437286134 0.12658939615885417
0 0.3627958190229972 0.5399175008138021 0.07009528954055957 0.09458540852864583
0 0.5556667407737645 0.5311831665039063 0.027987469413622183 0.0878807373046875
0 0.35034361515260165 0.5380835367838541 0.04496811822224738 0.08647721354166667
0 0.6044084730163672 0.54505810546875 0.07458206152186493 0.118603759765625
0 0.620686971814928 0.5485576782226562 0.03983192628132548 0.10048197428385416
0 0.443020339941249 0.5157269490559896 0.012656686386624396 0.0527489013671875
0 0.3063746527581207 0.5405653076171875 0.03323828655740489 0.115249267578125
0 0.28744612492608945 0.5469804280598959 0.03149900574615036 0.12503971354166668
0 0.38702211978930784 0.5359012451171875 0.030412486593888385 0.09960685221354167
