0 0.8297058449467215 0.551293701171875 0.12068463753962862 0.10994270833333333
0 0.5018952595438935 0.6501253255208334 0.11445315448558273 0.3352783203125
0 0.9565559915490388 0.8166827189127605 0.08580746858016304 0.3536337483723958
0 0.9630828218567582 0.542202880859375 0.07245580700860507 0.124191162109375
0 0.24475112399041365 0.5603577677408854 0.02772121460157508 0.057475382486979164
0 0.4967965880069948 0.04101162465413411 0.028162859488224636 0.08202324930826822
0 0.29438210455115865 0.5508008626302083 0.039916623617715884 0.06449666341145834
0 0.6054191896496955 0.3114816182454427 0.02036161315229972 0.1569354451497396
0 0.2484493286329383 0.5559811197916666 0.03528431571432166 0.06147998046875
0 0.3427016892486916 0.5356377766927083 0.04566569796698873 0.07500748697916666
0 0.7772243825325835 0.29972419230143227 0.021008772550573672 0.17394826253255208
0 0.7061948177319218 0.4379113972981771 0.0351161987501258 0.06651094563802083
