0 0.12791750012580516 0.7535011393229166 0.2558350002516103 0.4916140950520833
0 0.2909297973829383 0.6556002197265625 0.09748316962937802 0.24807120768229166
0 0.3500523713091913 0.5877450154622396 0.06745377446910225 0.18608174641927083
0 0.618640647802184 0.54196044921875 0.06181848989784622 0.16742911783854167
0 0.5705177442271161 0.5051851806640625 0.0234422668358746 0.091885009765625
0 0.4566293860787163 0.5099220987955729 0.025519329568614132 0.058299601236979165
0 0.4979429874635165 0.4811540323893229 0.021040813550473027 0.04592338053385417
0 0.5744162296903306 0.5094964396158854 0.02916895671359199 0.09850728352864584
0 0.5015076715589145 0.4781330973307292 0.018172996631567028 0.042874755859375
0 0.7130973189349336 0.4875572102864583 0.018037215523097828 0.05547916666666667
0 0.46420595227424266 0.5052244873046875 0.0368551601342341 0.061466878255208336
0 0.5871420597684556 0.5301087443033854 0.022102835097750604 0.1344090576171875
0 0.418863182866439 0.49908831787109376 0.03388072826244213 0.058190633138020836
