0 0.9822561660250604 0.7171442260742188 0.03482817374949678 0.3491334228515625
0 0.6180163643018443 0.5827583414713542 0.17707709221832227 0.209326904296875
0 0.021618792400267966 0.6925456339518229 0.04323758480053593 0.4218302815755208
0 0.5155689282501761 0.5716795247395833 0.08517687025085548 0.16787117513020833
0 0.29379502202769603 0.5779833170572917 0.05954296462201842 0.11025887044270834
0 0.8440278524745873 0.5951758829752604 0.24678960975241546 0.4654010009765625
0 0.20102515351177222 0.5869915161132813 0.057812345200690674 0.12203926595052084
0 0.8439939931970863 0.5970756022135416 0.24755594004755435 0.46113899739583336
0 0.6144405739702848 0.6896538289388021 0.026113709773802334 0.1834371337890625
0 0.1900374678214007 0.5178359578450521 0.06265993471498843 0.22692354329427084
0 0.05634475560579899 0.5630840250651041 0.020340457246691323 0.081797607421875
