0 0.07474825618827592 0.6894484456380209 0.14826622480547563 0.39646638997395833
0 0.18290956776691136 0.6153706461588542 0.16804702193648727 0.3550072428385417
0 0.3390805894050045 0.5391176961263021 0.058624169292849235 0.13499906412760418
0 0.9316681448772142 0.5672774251302083 0.13558650362318841 0.32383154296875
0 0.31078897620552787 0.5594979248046875 0.07928255483532105 0.17793595377604166
0 0.026190953812113515 0.809858866373698 0.052140711454281674 0.3085623779296875
0 0.2951208658264455 0.5596766764322917 0.10735491815588516 0.18367513020833334
0 0.556465456067268 0.5050199991861979 0.047228089853185384 0.11946822102864584
0 0.4041723721269248 0.5048035888671875 0.07037181516392411 0.09345987955729167
0 0.41398196750217015 0.5034404907226563 0.051931752866784926 0.0870291748046875
0 0.43796208822400867 0.48941719563802083 0.022175222203351448 0.06341349283854167
0 0.8290320748100343 0.5061782023111979 0.1343691421975644 0.12702950032552082
