0 0.16416117534545308 0.6011145426432292 0.17189657976086012 0.2516773274739583
0 0.2966646817955226 0.5678942464192709 0.022607800273311694 0.21072957356770833
0 0.7114935735189588 0.4859820149739583 0.08412064753484803 0.11254093424479167
0 0.4988500622735507 0.5154527587890625 0.06729887687449677 0.10486238606770833
0 0.9501767365828805 0.6694904378255209 0.09708855424718196 0.28659073893229164
0 0.29413395880117127 0.3286774291992188 0.010759166281388385 0.08797391764322916
0 0.46102094419912437 0.5185150146484375 0.03897876094504831 0.09853971354166667
0 0.3547334287093649 0.5162098185221354 0.03868474054259762 0.0891143798828125
0 0.43185849888505184 0.49513301595052084 0.025199804137102457 0.047145670572916666
0 0.4860771289770154 0.5157621053059895 0.08292697286068337 0.1088502197265625
0 0.5713313251685789 0.48965690104166665 0.020706741898148147 0.057509033203125
