0 0.21923989067139066 0.6728465779622396 0.15032248873257598 0.26466866048177085
0 0.31142623336226855 0.6086311442057292 0.06402430634183776 0.16163191731770835
0 0.7049995704933449 0.48144384765625 0.10937101944633153 0.12477937825520834
0 0.34863931161385997 0.5816544392903645 0.044114682601461855 0.1289298095703125
0 0.37816468759435384 0.5575182291666667 0.03286580993357488 0.09319059244791666
0 0.40777279520572285 0.544197265625 0.029461576550863025 0.07826399739583334
0 0.927566749462183 0.43332430013020834 0.054135038464925525 0.0928759765625
0 0.8986702395330113 0.4292878824869792 0.05585021481229871 0.09465266927083334
0 0.887395149267814 0.42978955078125 0.033517048170793075 0.09379988606770834
0 0.4982103725562349 0.4877754720052083 0.02047911319947665 0.04758194986979167
