0 0.43765905791637943 0.567540184227196 0.039005678463605496 0.23010080698374155
0 0.12069542891059826 0.6175898371516048 0.07209074107650058 0.39830173801731417
0 0.12071752859876046 0.7419058516218856 0.08472432653888379 0.2903375986460093
0 0.3425077301224852 0.571125112997519 0.025208417107077205 0.2336099573083826
0 0.6040717230902778 0.555894965094489 0.0314840678296058 0.2515289306640625
0 0.5960545259363511 0.6371692554370777 0.06012900358711193 0.16390842747043918
0 0.9039551978017769 0.5511002205513619 0.07939337437448937 0.09215999293971706
0 0.850994259703393 0.55016291850322 0.03811002245136336 0.08636140565614442
0 0.826713138156467 0.5481458715490393 0.08480909758923101 0.10193864977037584
0 0.1499626122268976 0.6373138840134079 0.046988630606458075 0.290670446447424
0 0.938566619274663 0.5552223205566407 0.08376337188521242 0.09631409516205659
0 0.2744579065858928 0.49138305251662795 0.014170553169998467 0.1290255572344806
0 0.16172713236091962 0.5846069542137352 0.02401341955646191 0.10722693365973396
